  14    7    1    0    0    0    0    0    0    0
   1   62    1    1    1    1    1    1    1    0
   6   49    1    1    0    0    1    0    0    0
  21   24    0    0    0    0    1    1    1    1
  30   10    1    0    0    0    0    0    0    0
  14   17    0    0    0    0    0    1    1    1
   1   71    1    1    1    0    1    1    1    0
   6   50    1    1    1    0    1    1    1    0
  21   26    0    0    0    0    1    1    1    1
  30   17    1    0    0    0    1    0    0    1
  14   22    1    0    0    0    0    1    1    0
   1   74    1    1    1    0    1    1    1    0
   6   56    0    1    0    0    1    1    0    0
  21   28    0    0    0    0    1    1    0    0
  30   25    1    1    1    0    0    0    0    0
  14   25    1    0    0    0    0    0    0    0
   1   82    1    1    1    0    1    1    1    0
   6   57    0    1    1    0    1    1    1    0
  21   29    0    0    0    0    1    0    0    0
  30   40    1    0    1    1    1    1    1    1
  14   37    1    0    0    0    0    0    0    0
   1   86    1    1    1    0    1    1    1    0
   6   61    1    1    1    0    1    1    1    0
  21   32    0    0    0    0    1    1    1    1
  30   59    1    0    0    0    0    0    0    0
  14   40    1    0    0    0    0    1    0    0
   1   92    1    1    1    1    1    1    1    1
   6   70    1    1    1    0    1    1    1    0
  21   33    0    0    0    0    1    1    1    1
  30   60    1    0    1    0    0    0    0    0
  14   55    0    0    0    0    1    1    1    1
   1  101    1    1    1    0    0    0    0    0
   6   71    1    1    0    0    0    0    0    0
  21   34    0    0    0    0    1    1    1    1
  30   66    1    0    0    0    0    0    0    0
  14   57    1    0    0    0    0    0    0    0
   1  102    1    0    0    0    0    0    0    0
   6   73    1    1    1    0    1    1    1    0
  21   39    0    0    0    0    1    1    0    0
  30   80    1    0    0    0    1    0    1    1
  14   59    0    0    0    0    0    1    1    0
   1  103    1    0    0    0    0    0    0    0
   6   76    1    1    1    0    1    1    0    0
  21   42    0    0    0    0    1    1    1    1
  30   98    1    1    1    0    0    0    0    0
  14   60    0    0    0    0    1    1    0    0
   6    5    1    1    1    0    1    1    1    0
   6   77    1    1    0    0    0    0    0    0
  21   49    0    0    0    0    1    1    1    1
  20    3    1    1    0    0    0    0    0    0
  14   80    0    0    0    1    1    1    1    0
   6    7    1    0    0    0    0    0    0    0
   6   82    1    1    0    0    0    0    0    0
  21   50    0    0    0    0    1    1    1    1
  20    7    0    1    0    0    0    0    0    0
  14   91    0    0    0    0    0    1    0    0
   6    8    1    1    1    0    1    1    1    0
   6   83    1    1    0    0    0    0    0    0
  21   52    0    0    0    0    1    1    0    0
  20   10    0    1    0    0    0    0    1    0
  14   98    1    0    0    0    0    0    0    0
   6    9    1    0    0    0    0    0    0    0
   6   94    1    1    1    0    1    1    1    0
  21   61    0    0    0    0    1    1    1    1
  20   25    1    1    0    0    0    0    0    0
  14  103    1    0    0    0    0    0    0    0
   6   11    1    1    0    0    1    0    0    0
   6   99    1    1    1    0    1    1    1    0
  21   69    0    0    0    0    1    1    0    0
  20   37    0    1    0    0    0    0    0    0
   1    7    1    0    0    0    0    0    0    0
   6   13    1    1    0    0    1    0    0    0
   6  105    1    1    1    0    1    1    1    0
  21   70    0    0    0    0    1    1    1    1
  20   65    1    0    0    0    0    1    0    0
   1   15    1    1    0    0    1    0    0    0
   6   16    1    1    0    0    1    0    0    0
  21    5    0    0    0    0    1    1    1    1
  21   73    0    0    0    0    1    1    1    1
  20   66    1    1    1    0    1    1    1    1
   1   27    1    1    1    0    1    1    1    0
   6   18    1    1    1    0    1    1    1    0
  21    6    0    0    0    0    1    1    1    0
  21   76    0    0    0    0    1    1    0    0
  20   93    1    0    0    0    0    0    0    0
   1   29    1    0    0    0    0    0    0    0
   6   21    1    0    0    0    0    1    0    0
  21    8    0    0    0    0    1    1    1    1
  21   77    0    0    0    0    1    1    1    1
  65    3    1    1    0    0    1    0    1    0
   1   33    1    1    0    0    1    0    0    0
   6   24    1    1    1    0    0    0    0    0
  21    9    0    0    0    0    1    1    1    1
  21   83    0    0    0    0    1    1    0    0
  65    7    1    1    1    0    1    1    1    0
   1   35    1    0    0    0    0    0    0    0
   6   26    1    1    1    0    1    1    1    0
  21   11    0    0    0    0    1    1    1    1
  21   94    0    0    0    0    1    1    1    1
  65   10    1    1    1    0    1    1    1    0
   1   36    1    0    0    0    0    0    0    0
   6   32    1    1    1    0    1    1    1    1
  21   13    0    0    0    0    1    1    1    1
  21   99    0    0    0    0    1    1    1    1
  65   25    1    1    1    0    1    0    1    0
   1   56    1    1    0    0    1    1    0    0
   6   33    1    1    0    0    0    0    0    0
  21   16    0    0    0    0    1    1    1    1
  21  105    0    0    0    0    1    1    1    1
  65   48    1    1    0    0    1    1    0    0
   1   57    1    1    0    0    1    0    0    0
   6   34    1    1    1    0    0    0    0    0
  21   18    0    0    0    0    1    1    1    1
  30    3    1    0    0    0    0    0    0    0
  65   52    1    1    1    0    1    1    1    0
   1   58    1    1    0    0    1    1    0    0
   6   42    1    1    1    0    0    0    0    0
  21   23    0    0    0    0    1    1    0    0
  30    7    1    0    0    0    0    0    0    0
  65   54    1    1    1    0    1    1    1    0
  65   66    1    1    1    0    1    0    1    0
  90   72    1    1    1    0    1    0    0    0
  26   48    0    0    0    0    0    0    1    0
   2   58    1    1    1    0    1    1    1    0
   3   34    1    0    0    0    0    0    0    0
  65   87    1    1    0    0    1    1    0    0
  90   78    1    1    1    0    1    0    0    0
  26   50    1    0    1    0    1    1    0    0
   2   63    1    1    0    0    1    1    0    0
   3   36    1    1    1    0    0    0    0    0
  65   98    1    1    1    0    1    1    1    0
  90   79    1    1    1    0    1    0    0    0
  26   56    1    1    0    0    1    0    0    0
   2   68    1    1    1    0    1    1    0    0
   3   37    1    1    1    0    1    1    1    0
 104   12    1    1    1    0    1    1    0    0
  90   84    1    1    1    0    1    1    1    0
  26   57    1    1    0    0    0    0    0    0
   2   71    1    1    1    0    1    1    1    0
   3   40    1    1    1    0    0    0    0    0
 104   19    1    1    0    0    0    0    0    0
  90   88    1    1    0    0    1    0    0    0
  26   61    1    1    1    0    1    1    1    0
   2   75    1    1    1    0    1    1    1    0
   3   48    1    1    1    0    1    1    1    0
 104   28    1    1    1    1    0    0    0    0
  90   89    1    1    0    0    1    0    0    0
  26   70    1    1    1    0    1    1    1    0
   2   76    1    1    1    0    1    1    1    0
   3   52    1    1    1    0    1    1    1    0
 104   45    1    1    1    0    0    0    0    0
  90   96    1    1    0    0    1    1    0    0
  26   71    1    0    0    0    0    0    0    0
   2   82    1    1    1    0    1    1    1    0
   3   54    1    1    1    0    1    1    1    0
 104   46    1    1    1    0    1    1    0    0
  90   97    1    1    0    0    1    1    0    0
  26   73    1    1    1    0    1    1    1    0
   2   83    1    1    1    0    1    1    1    0
   3   55    1    0    1    0    0    0    0    0
 104   59    1    1    1    0    0    0    0    0
  90   99    1    1    0    0    0    0    0    0
  26   76    1    0    0    0    0    0    0    0
   2   95    1    1    1    0    1    1    1    0
   3   57    1    1    1    0    0    0    0    0
 104   69    1    1    0    0    0    0    0    0
  26    5    1    1    1    0    1    1    1    0
  26   77    1    0    0    0    0    0    0    0
   2  102    1    1    1    0    1    1    1    0
   3   60    1    1    1    0    0    0    0    0
 104   84    1    1    1    0    1    1    1    0
  26    6    1    1    0    0    1    1    0    0
  26   94    1    1    1    0    1    0    0    0
   2  103    1    1    1    0    1    1    1    0
   3   65    1    1    1    0    1    1    1    0
 104   89    1    1    1    0    0    0    0    0
  26    8    1    1    1    0    1    1    1    0
  26   99    1    1    1    0    1    1    1    0
   3    5    1    0    1    0    0    0    0    0
   3   66    1    1    1    0    1    1    1    0
 104   96    1    1    0    0    1    1    0    0
  26    9    1    0    0    0    0    0    0    0
  26  105    1    1    1    0    1    1    1    0
   3    6    1    1    0    0    0    0    0    0
   3   68    1    0    0    0    0    0    0    0
 104   97    1    1    1    0    1    1    0    0
  26   11    1    1    1    0    0    1    0    0
   2   15    1    1    1    0    1    1    1    0
   3    7    1    1    1    0    1    1    1    0
   3   74    1    0    1    0    0    0    1    0
  90   12    1    1    1    1    1    1    1    1
  26   13    1    1    1    0    1    1    1    0
   2   23    1    1    1    0    1    1    1    0
   3    9    1    0    0    0    0    0    0    0
   3   80    1    1    1    0    0    0    0    0
  90   19    1    1    0    0    1    1    0    0
  26   16    1    0    1    0    0    0    0    0
   2   29    1    1    1    1    1    1    1    1
   3   10    1    1    1    0    1    1    1    0
   3   81    1    1    1    0    1    1    1    0
  90   28    1    1    1    0    1    1    0    0
  26   18    1    1    1    0    1    0    0    0
   2   31    1    1    1    0    1    1    1    0
   3   11    1    0    0    0    0    0    0    0
   3   87    1    1    1    0    1    1    1    0
  90   38    1    1    1    1    1    1    0    0
  26   21    1    0    0    0    0    0    0    0
   2   33    1    1    0    0    1    1    0    0
   3   12    1    0    0    0    0    0    0    0
   3   91    1    0    1    0    0    0    0    0
  90   45    1    1    0    0    0    0    0    0
  26   32    1    1    1    0    1    1    1    0
   2   36    1    1    0    0    1    0    1    0
   3   15    1    1    1    0    0    0    0    0
   3   93    1    1    1    0    1    1    1    0
  90   46    1    1    0    0    0    0    0    0
  26   34    1    1    0    0    0    0    0    0
   2   43    1    1    1    0    1    1    1    0
   3   17    1    0    0    0    0    0    0    0
   3   94    1    0    0    0    0    0    0    0
  90   47    1    1    1    0    0    0    0    0
  26   39    1    0    0    0    1    0    0    0
   2   44    1    1    1    0    1    1    1    0
   3   19    1    0    0    0    0    0    0    0
   3   95    1    0    0    0    0    0    0    0
  90   64    1    1    0    0    0    0    0    0
  26   43    1    1    0    0    1    0    0    0
   2   51    1    1    1    0    1    1    1    0
   3   23    1    0    1    0    0    0    0    0
   3   98    1    0    1    0    0    0    0    0
  90   69    1    1    1    0    0    0    0    0
  26   44    1    1    0    0    1    0    0    0
   2   56    1    1    1    1    1    1    1    0
   3   25    1    1    1    0    1    1    1    0
   3  105    1    0    1    0    0    0    0    0
  90   70    1    1    0    0    0    0    0    0
  26   49    1    0    1    0    0    0    0    0
   2   57    1    1    1    0    1    1    1    0
   3   29    1    0    0    0    0    0    0    0
  17    3    1    1    0    0    0    0    0    0
  17    7    1    0    0    0    0    0    0    0
   4   79    1    0    0    0    0    0    0    0
  11   34    1    1    1    0    0    0    0    0
  12   19    1    1    1    0    1    1    1    0
  12   96    1    1    1    0    1    1    1    1
  17   10    1    0    0    0    0    0    0    0
   4   85    1    1    1    0    1    1    1    0
  11   39    1    0    1    0    0    1    0    0
  12   23    1    0    0    0    0    0    0    0
  12   97    1    1    1    0    1    1    1    0
  17   14    1    1    1    1    1    1    1    1
   4   89    1    1    1    0    1    0    0    0
  11   42    1    0    0    0    0    0    0    0
  12   28    1    1    1    0    0    1    0    0
  12  104    1    0    1    0    0    0    0    0
  17   16    1    1    1    1    1    1    1    1
   4   96    1    0    0    0    0    0    0    0
  11   49    1    1    1    0    1    1    1    0
  12   33    1    0    1    0    0    1    0    0
  12  105    1    0    0    0    0    0    0    0
  17   22    1    1    1    0    0    0    0    0
   4   97    1    0    0    0    0    0    0    0
  11   50    1    1    1    0    1    1    1    0
  12   34    1    0    1    0    0    0    0    0
  13    5    1    1    1    1    1    1    1    0
  17   25    1    1    0    0    0    0    0    0
   4  104    1    1    0    0    0    0    0    0
  11   52    1    0    1    0    0    0    0    0
  12   38    1    1    1    1    1    1    1    1
  13    6    1    1    0    0    0    0    0    0
  17   30    1    1    1    0    1    1    1    0
  11    3    1    0    0    0    1    0    0    0
  11   57    1    1    0    0    0    0    0    0
  12   42    1    0    0    0    0    0    0    0
  13    8    1    1    1    0    1    1    1    0
  17   37    1    0    0    0    0    0    0    0
  11    5    1    1    1    0    1    1    1    0
  11   61    1    1    1    1    1    1    1    0
  12   45    1    0    1    0    0    1    0    0
  13    9    1    1    1    0    1    1    1    0
  17   40    1    1    1    0    1    1    0    0
  11    6    1    1    1    0    1    1    1    0
  11   70    1    1    1    0    1    1    1    0
  12   46    1    1    1    1    1    1    1    1
  13   11    1    1    1    1    1    1    1    0
  17   48    1    1    1    0    0    0    0    0
  11    7    1    0    0    0    0    0    0    0
  11   73    1    1    1    0    1    1    1    0
  12   47    1    1    1    1    0    0    0    0
  13   16    1    1    1    1    1    1    1    1
  17   55    1    1    1    1    1    1    1    1
  11    8    1    1    1    0    1    1    1    0
  11   76    1    0    0    0    0    0    0    0
  12   53    1    1    1    1    1    1    1    0
  13   18    1    1    1    0    1    0    0    0
  17   59    1    0    0    0    0    0    0    0
  11    9    1    1    1    0    1    1    1    0
  11   77    1    1    1    1    1    1    1    0
  12   61    1    1    0    0    0    0    0    0
  13   21    1    1    1    0    1    0    0    0
  17   60    0    1    1    0    1    1    0    0
  11   12    1    0    0    0    1    0    0    0
  11   83    1    0    1    0    0    0    0    0
  12   64    1    0    0    0    0    0    0    0
  13   26    1    1    1    0    1    1    1    0
  17   80    1    1    1    1    1    1    1    1
  11   13    1    1    1    1    1    1    1    0
  11   94    1    1    1    1    1    1    1    0
  12   69    1    1    1    0    0    0    0    0
  13   32    1    1    1    0    1    0    0    0
  17   91    1    1    1    0    1    1    1    0
  11   15    1    0    0    0    0    0    0    0
  11   99    1    1    1    1    1    1    1    0
  12   70    1    0    1    0    0    0    0    0
  13   34    1    0    1    0    0    0    0    0
  17   98    1    1    1    0    1    0    1    0
  11   16    1    1    1    0    1    1    1    0
  11  103    1    0    1    0    0    0    0    0
  12   71    1    0    0    0    0    0    0    0
  13   39    1    1    1    1    1    1    0    0
   4   12    1    1    0    0    1    0    1    0
  11   18    1    1    1    0    1    1    1    0
  11  105    1    1    1    0    1    1    1    0
  12   72    1    1    1    1    1    1    1    1
  13   42    1    1    0    0    0    0    0    0
   4   19    1    1    1    0    1    1    1    0
  11   21    1    1    1    0    1    1    1    0
  12    2    1    0    0    0    0    0    0    0
  12   78    1    1    0    0    0    0    0    0
  13   49    1    0    1    0    0    0    1    0
   4   28    1    1    1    0    0    0    0    0
  11   23    1    0    0    0    0    0    0    0
  12    3    1    0    0    0    0    0    0    0
  12   79    1    1    1    0    1    1    1    0
  13   50    1    1    1    0    1    1    0    0
   4   46    1    1    1    0    1    1    1    0
  11   24    1    1    0    0    1    0    0    0
  12    4    1    0    1    0    0    0    0    0
  12   82    1    0    1    0    0    0    0    0
  13   61    1    1    1    1    1    1    1    1
   4   47    1    1    1    0    0    0    0    0
  11   25    1    0    1    0    0    0    1    0
  12    5    1    0    0    0    0    0    0    0
  12   83    1    0    0    0    0    0    0    0
  13   70    1    1    1    1    1    1    1    1
   4   59    1    1    0    0    0    0    0    0
  11   26    1    1    1    0    1    1    1    0
  12    9    1    0    1    0    0    0    0    0
  12   88    1    1    1    0    1    1    1    0
  13   73    1    1    1    1    0    0    0    0
   4   64    1    1    1    0    1    1    1    0
  11   29    1    0    1    0    0    0    0    0
  12   11    1    0    0    0    0    0    0    0
  12   89    1    1    1    0    1    1    1    0
  13   77    1    0    0    0    0    0    0    0
   4   69    1    0    1    0    1    0    1    0
  11   32    1    1    1    0    1    1    1    0
  12   18    1    0    0    0    0    0    0    0
  12   90    1    1    1    1    1    1    1    1
  13   94    1    1    1    0    1    1    0    0
  13   99    1    1    1    1    1    1    1    0
  22   14    1    1    0    0    0    0    0    0
  28   72    1    0    0    0    0    0    0    0
  35   57    1    1    1    0    1    1    1    0
  38   47    1    1    1    0    0    0    0    0
  13  105    1    1    1    0    1    1    1    0
  22   17    1    0    0    0    0    0    0    0
  28   79    1    0    0    0    0    0    0    0
  35   58    1    1    1    0    1    1    1    0
  38   53    1    0    0    0    0    0    0    0
  19    4    1    1    1    0    0    0    0    0
  22   55    1    1    0    0    0    0    0    0
  28   84    1    1    1    0    0    0    0    0
  35   63    1    1    1    0    0    0    1    0
  38   56    1    0    0    0    0    0    0    0
  19   12    1    1    1    0    1    1    1    0
  22   59    1    1    0    0    0    0    0    0
  28   88    1    1    1    0    0    0    0    0
  35   68    1    1    1    0    0    0    1    0
  38   64    1    1    0    0    1    0    0    0
  19   28    1    1    1    0    1    1    1    0
  22   80    1    1    1    1    0    0    0    0
  28   89    1    1    1    0    0    0    0    0
  35   71    1    1    1    0    0    0    1    0
  38   69    1    1    1    0    0    0    0    0
  19   34    1    0    0    0    0    0    0    0
  25   37    1    0    0    0    0    0    0    0
  28   90    1    0    0    0    0    0    0    0
  35   74    1    1    1    0    0    0    1    0
  38   72    1    0    0    0    0    0    0    0
  19   38    1    1    1    0    1    1    1    0
  25   40    0    0    0    1    0    0    0    0
  28   97    1    1    1    0    0    0    0    0
  35   75    1    1    1    0    0    0    1    0
  38   78    1    1    0    0    0    0    0    0
  19   45    1    1    1    1    1    1    1    0
  25   48    1    1    0    0    0    0    0    0
  28  104    1    1    1    0    0    0    0    0
  35   76    1    1    1    0    0    0    1    0
  38   79    1    0    0    0    0    0    0    0
  19   46    1    1    1    0    1    1    1    0
  25   52    0    0    1    0    0    0    0    0
  35    2    1    1    1    1    1    1    1    0
  35   82    1    1    1    0    0    0    1    0
  38   83    1    0    0    0    0    0    0    0
  19   47    1    1    1    0    0    0    0    0
  25   54    1    0    0    0    0    0    0    0
  35    3    0    0    1    0    0    0    1    0
  35   83    1    1    1    0    0    0    1    0
  38   84    1    1    0    0    0    0    0    0
  19   53    1    0    0    0    0    0    0    0
  25   65    1    0    0    0    0    0    0    0
  35    5    1    0    0    0    0    0    1    0
  35   92    1    1    1    0    0    0    1    0
  38   85    1    0    0    0    0    0    0    0
  19   64    1    1    1    0    1    1    1    0
  25   66    1    0    0    0    0    0    0    0
  35    7    1    0    1    0    0    0    0    0
  35   95    1    1    1    0    0    0    1    0
  38   88    1    0    0    0    0    0    0    0
  19   69    1    1    1    0    1    1    1    0
  25   87    1    0    0    0    0    0    0    0
  35   15    1    1    1    0    1    1    1    0
  35  100    1    1    1    0    0    0    1    0
  38   89    1    0    0    0    0    0    0    0
  19   71    1    0    0    0    0    0    0    0
  25   98    1    0    0    0    0    0    0    0
  35   23    1    0    1    0    0    0    1    0
  35  101    1    1    1    0    0    0    1    0
  38   90    1    1    1    1    1    1    1    0
  19   72    1    1    1    0    1    1    1    0
  28    4    1    1    1    0    0    0    0    0
  35   27    1    0    0    0    0    0    0    0
  35  102    1    1    1    0    0    0    1    0
  38   96    1    1    0    0    1    0    0    0
  19   78    1    1    1    0    1    1    1    0
  28   12    1    1    1    0    0    0    0    0
  35   31    1    0    0    0    0    0    0    0
  35  103    1    1    1    0    0    0    1    0
  38   97    1    0    1    0    0    1    1    0
  19   79    1    1    1    1    1    1    1    1
  28   19    1    1    1    0    0    0    0    0
  35   33    1    1    1    0    0    0    0    0
  35  105    1    1    1    0    0    0    0    0
  38  104    1    1    0    0    1    0    0    0
  19   84    1    1    1    0    1    1    1    0
  28   38    1    1    1    0    0    0    0    0
  35   34    1    0    0    0    0    0    0    0
  38    4    1    0    1    0    1    0    0    0
  43    1    1    0    0    0    0    0    0    0
  19   88    1    1    1    0    1    1    1    0
  28   45    1    1    1    0    0    0    0    0
  35   36    1    0    1    0    0    0    1    0
  38   12    1    1    1    0    0    1    1    0
  43    2    1    1    1    0    1    1    1    0
  19   89    1    1    1    0    1    1    1    1
  28   46    1    1    1    0    0    0    0    0
  35   41    1    0    0    0    0    0    0    0
  38   19    1    0    1    0    1    0    0    0
  43    5    1    1    1    0    1    1    1    0
  19   90    1    1    1    0    1    1    1    0
  28   47    1    1    1    0    0    0    0    0
  35   44    1    0    1    0    0    0    1    0
  38   23    1    0    0    0    0    0    0    0
  43    6    1    1    1    0    1    1    1    0
  19   96    1    1    1    0    1    1    1    0
  28   53    1    1    1    0    0    0    0    0
  35   51    1    0    1    0    0    0    1    0
  38   28    1    1    0    0    1    0    0    0
  43    7    1    0    0    0    0    0    0    0
  19   97    1    1    1    0    1    1    1    0
  28   64    1    1    1    0    0    0    0    0
  35   52    1    0    1    0    0    0    0    0
  38   45    1    1    1    1    1    1    1    1
  43    8    1    1    1    0    1    1    1    0
  19  104    1    0    0    0    0    0    0    0
  28   69    1    1    1    0    0    0    0    0
  35   56    1    1    1    0    1    1    1    0
  38   46    1    1    1    0    1    1    1    0
  43   11    1    0    0    0    0    0    0    0
  43   12    1    0    0    0    0    0    0    0
  43   57    1    1    1    0    1    1    1    0
  45    4    0    0    0    0    1    0    1    0
  45   78    0    0    0    0    0    1    1    0
  46   72    1    0    0    0    0    0    1    0
  43   13    1    0    0    0    0    0    0    0
  43   58    1    1    1    0    1    1    1    0
  45    9    1    0    0    0    0    0    0    0
  45   79    0    0    0    0    0    1    1    0
  46   78    1    0    0    0    0    0    1    0
  43   15    1    1    1    0    1    1    1    0
  43   61    1    1    1    0    1    1    1    0
  45   12    0    0    0    0    0    1    1    0
  45   83    1    0    0    0    0    0    0    0
  46   79    1    0    0    0    0    0    1    0
  43   18    1    1    1    0    1    1    1    0
  43   62    1    0    0    0    0    0    0    0
  45   19    0    0    0    0    0    1    1    0
  45   84    0    0    0    0    0    1    1    0
  46   84    1    0    0    0    0    0    1    0
  43   21    1    0    0    0    0    0    0    0
  43   63    1    1    1    0    1    1    1    0
  45   23    1    0    0    0    0    0    0    0
  45   88    0    0    0    0    0    1    1    0
  46   85    1    0    0    0    0    0    1    0
  43   23    1    1    1    0    1    1    1    0
  43   68    1    1    0    0    1    0    0    0
  45   27    1    0    0    0    0    0    0    0
  45   89    0    0    0    0    0    1    1    0
  46   88    1    0    0    0    0    0    1    0
  43   26    1    1    0    0    1    0    0    0
  43   69    1    0    0    0    0    0    0    0
  45   28    0    0    0    0    0    1    1    0
  45   90    0    0    0    0    0    1    1    0
  46   89    1    0    0    0    0    0    1    0
  43   27    1    1    1    0    1    1    1    0
  43   70    1    1    0    0    1    0    0    0
  45   33    1    0    0    0    0    0    0    0
  45   96    0    0    0    1    0    1    1    0
  46   90    1    0    0    0    0    0    1    0
  43   29    1    1    1    0    1    1    1    0
  43   71    1    1    1    1    1    1    1    0
  45   34    1    0    0    0    0    0    0    0
  45   97    0    0    0    1    0    1    1    0
  46   91    1    0    1    0    0    0    0    0
  43   31    1    1    1    0    1    1    1    0
  43   73    1    1    1    0    1    1    1    0
  45   38    0    0    0    1    0    1    1    0
  45  101    1    0    0    0    0    0    0    0
  46   96    1    0    0    0    0    0    1    0
  43   32    1    1    1    0    1    1    1    0
  43   74    1    1    1    0    1    1    1    0
  45   42    1    0    0    0    0    0    0    0
  45  104    1    0    0    0    0    1    1    0
  46   97    1    0    0    0    0    0    1    0
  43   33    1    1    1    0    1    1    1    0
  43   75    1    0    0    0    0    0    0    0
  45   46    0    0    0    1    0    1    1    0
  45  105    1    0    0    0    0    0    0    0
  46  104    1    0    0    0    0    0    1    0
  43   34    1    0    0    0    0    0    0    0
  43   76    1    1    1    0    1    1    1    0
  45   47    0    0    0    0    0    1    1    0
  46    4    1    0    0    0    0    0    0    1
  48   37    1    0    0    0    1    0    1    0
  43   35    1    1    1    0    1    1    1    0
  43   77    1    0    0    0    0    0    0    0
  45   49    1    0    0    0    0    0    0    0
  46    9    1    0    1    0    0    0    0    0
  48   52    1    0    1    0    0    0    0    0
  43   36    1    1    1    0    1    1    1    0
  43   82    1    1    1    0    1    1    1    0
  45   53    0    0    0    0    0    1    1    0
  46   11    1    0    1    0    0    0    0    0
  48   81    1    0    1    0    0    0    0    0
  43   37    1    0    0    0    0    0    0    0
  43   83    1    1    1    0    1    1    1    0
  45   57    1    0    0    0    0    0    0    0
  46   12    1    0    0    0    0    0    1    0
  48   87    1    0    1    0    1    1    1    0
  43   40    1    0    0    0    0    0    0    0
  43   92    1    1    1    0    1    1    1    0
  45   58    1    0    0    0    0    0    0    0
  46   19    1    0    0    0    0    0    1    0
  49    5    1    0    0    0    0    1    0    0
  43   41    1    1    1    1    1    1    1    1
  43   95    1    1    0    0    1    0    0    0
  45   60    1    0    0    0    0    0    0    0
  46   28    1    0    0    0    0    0    1    0
  49    6    1    0    0    0    1    0    0    0
  43   42    1    0    0    0    0    0    0    0
  43   97    1    1    0    0    1    0    0    0
  45   62    1    0    0    0    0    0    0    0
  46   34    1    0    1    0    0    0    0    0
  49    8    1    1    0    0    0    0    0    0
  43   44    1    1    1    0    1    1    1    0
  43   99    1    1    0    0    1    0    0    0
  45   64    0    0    0    0    0    1    1    0
  46   38    1    0    0    0    0    0    1    0
  49    9    1    0    0    0    1    0    0    0
  43   49    1    0    0    0    0    0    0    0
  43  101    1    1    1    0    1    1    1    0
  45   69    0    0    0    0    0    1    1    0
  46   45    1    0    0    0    0    0    1    0
  49   11    1    1    0    0    1    1    0    0
  43   50    1    0    0    0    0    0    0    0
  43  102    1    1    1    0    1    1    1    0
  45   71    1    0    0    0    0    0    0    0
  46   47    1    0    0    1    0    0    1    0
  49   13    1    1    0    0    0    0    0    0
  43   51    1    0    0    0    0    0    0    0
  43  103    1    1    1    0    1    1    1    0
  45   72    0    0    0    0    0    1    1    0
  46   64    1    0    0    0    0    0    1    0
  49   18    1    1    0    0    0    0    0    0
  43   56    1    1    1    0    1    1    1    0
  43  105    1    1    1    0    1    1    1    0
  45   76    1    0    0    0    0    0    0    0
  46   69    1    0    0    0    0    0    1    0
  49   21    1    1    0    0    0    0    0    0
  49   26    1    1    0    0    0    0    0    0
  50   61    1    1    1    1    1    1    1    1
  51   95    1    0    0    0    1    1    1    0
  56    2    0    0    0    0    1    1    1    1
  56   58    0    0    0    0    1    1    1    1
  49   32    1    1    0    0    0    0    0    0
  50   70    1    1    0    1    0    0    0    0
  51  101    1    1    1    0    0    0    0    0
  56    3    1    0    0    0    0    0    0    0
  56   63    0    1    1    1    0    0    0    0
  49   34    1    1    0    0    0    0    0    0
  50   73    1    0    0    0    0    0    0    0
  51  102    1    1    0    0    0    0    0    0
  56    5    1    0    0    0    0    0    0    0
  56   67    1    0    0    0    0    0    0    0
  49   42    1    1    0    0    0    0    0    0
  50   77    1    0    0    0    0    0    0    0
  51  103    1    1    0    0    1    0    0    0
  56    7    1    0    0    0    0    0    0    0
  56   68    0    1    1    1    0    0    0    0
  49   46    1    1    0    0    1    1    0    0
  50   94    1    0    1    1    0    0    0    0
  52    3    1    1    1    0    1    0    0    0
  56    8    1    0    0    0    0    0    0    0
  56   69    1    0    0    0    0    0    0    0
  49   61    1    1    0    0    0    1    1    0
  50   99    1    1    1    1    0    0    0    0
  52    7    1    1    1    0    0    0    0    0
  56    9    1    0    0    0    0    0    0    0
  56   71    0    1    1    1    0    0    0    0
  49   70    1    1    0    0    1    1    0    0
  50  105    1    1    1    1    0    0    0    0
  52   10    1    1    0    0    0    0    0    0
  56   11    1    0    0    0    0    0    0    0
  56   75    0    0    0    0    1    1    1    1
  49   73    1    1    0    0    0    0    0    0
  51    2    1    0    0    0    1    1    1    0
  52   11    1    0    0    0    0    0    0    0
  56   12    1    0    0    0    0    0    0    0
  56   76    0    1    1    1    0    0    0    0
  49   77    1    1    0    1    0    0    0    0
  51   15    1    1    1    0    0    0    0    0
  52   15    1    0    0    0    0    0    0    0
  56   15    0    1    1    1    0    0    0    0
  56   82    0    1    1    1    0    0    0    0
  49   94    1    1    0    0    1    1    0    0
  51   23    1    0    0    0    0    0    0    0
  52   25    1    1    1    0    1    0    0    0
  56   23    0    1    1    1    0    0    0    0
  56   83    0    0    0    0    1    1    1    1
  49   99    1    1    0    1    1    1    1    1
  51   29    1    1    0    0    0    0    0    0
  52   29    1    0    0    0    0    0    0    0
  56   24    0    1    0    0    0    0    0    0
  56   95    0    0    0    0    1    1    1    1
  49  105    1    1    1    0    0    0    0    0
  51   31    1    1    1    0    0    0    0    0
  52   37    1    1    1    0    0    0    0    0
  56   25    1    0    0    0    0    0    0    0
  56   97    1    0    0    0    0    0    0    0
  50    5    1    0    1    1    1    0    0    0
  51   33    1    1    0    0    0    0    0    0
  52   48    1    1    0    0    0    0    0    0
  56   29    0    1    1    1    0    0    0    0
  56   99    1    0    0    0    0    0    0    0
  50    6    1    0    0    1    1    0    0    0
  51   35    1    0    0    0    1    1    1    0
  52   54    1    1    1    0    0    0    0    0
  56   31    0    1    1    1    0    0    0    0
  56  100    1    0    0    0    0    0    0    0
  50    8    1    0    0    1    0    0    1    0
  51   36    1    1    1    0    0    0    0    0
  52   57    1    1    1    0    0    0    0    0
  56   33    1    0    0    0    0    0    0    0
  56  101    1    0    0    0    0    0    0    0
  50    9    1    0    0    0    0    0    0    0
  51   44    1    1    1    0    0    0    0    0
  52   65    1    1    0    0    0    0    0    0
  56   34    1    0    0    0    0    0    0    0
  56  102    1    0    0    0    0    0    0    0
  50   11    1    0    0    1    0    0    1    0
  51   56    1    0    0    0    1    1    1    0
  52   66    1    0    0    0    0    0    0    0
  56   35    0    1    1    1    0    0    0    0
  56  103    0    1    1    1    0    0    0    0
  50   13    1    0    1    1    0    0    0    0
  51   57    1    0    0    0    1    1    0    0
  52   71    1    0    0    0    0    0    0    0
  56   36    0    1    1    1    0    0    0    0
  56  105    1    0    0    0    0    0    0    0
  50   16    1    0    1    1    0    0    0    0
  51   58    1    0    0    0    1    1    1    1
  52   74    1    1    1    0    0    0    0    0
  56   40    1    0    0    0    0    0    0    0
  59    3    1    0    0    0    0    0    0    0
  50   18    1    0    1    1    0    0    0    0
  51   68    1    1    0    0    0    0    0    0
  52   80    1    1    0    0    0    0    0    0
  56   42    1    0    0    0    0    0    0    0
  59    7    1    0    0    0    0    0    0    0
  50   21    1    0    0    0    0    0    0    0
  51   71    1    0    0    0    0    0    0    0
  52   81    1    1    0    0    0    0    0    0
  56   43    1    0    0    0    0    0    0    0
  59    9    1    0    0    0    0    1    0    0
  50   26    1    0    0    0    0    0    0    0
  51   75    1    0    0    0    1    1    1    0
  52   87    1    1    0    0    0    0    0    0
  56   44    1    0    0    0    0    0    0    0
  59   13    1    0    0    0    0    1    0    0
  50   32    1    1    0    0    0    0    0    0
  51   76    1    1    1    0    0    0    0    0
  52  102    1    0    0    0    0    0    0    0
  56   51    1    1    1    1    0    0    0    0
  59   14    1    0    0    0    0    1    0    0
  50   34    1    0    0    0    0    0    0    0
  51   83    1    1    1    0    0    0    0    0
  52  103    1    0    0    0    0    0    0    0
  56   57    0    1    1    1    0    0    0    0
  59   17    1    0    0    0    0    1    1    1
  59   22    1    0    0    0    1    1    0    0
  75   15    1    1    1    0    0    0    1    0
  78    4    1    0    0    0    1    0    0    0
  83    2    1    1    1    0    1    1    1    0
  83   57    1    1    1    0    1    1    1    0
  59   23    1    0    0    0    0    1    0    0
  75   23    1    1    1    0    0    0    0    0
  78   12    1    1    1    0    1    1    1    0
  83    5    1    0    1    0    0    0    0    0
  83   58    1    1    1    0    1    1    1    0
  59   25    1    0    0    0    0    0    0    0
  75   29    1    1    1    0    1    0    0    0
  78   19    1    1    1    0    1    1    1    0
  83    6    1    0    0    0    0    0    0    0
  83   68    1    1    0    0    1    1    0    0
  59   28    1    1    1    0    0    0    0    0
  75   31    1    0    1    0    0    0    0    0
  78   28    1    1    1    0    0    0    0    0
  83    8    1    1    1    0    1    0    0    0
  83   69    1    1    0    0    0    0    0    0
  59   30    1    0    0    0    1    1    1    1
  75   33    1    0    1    0    0    0    0    0
  78   38    1    1    0    0    0    0    0    0
  83    9    1    0    0    0    0    0    0    0
  83   71    1    1    1    0    1    1    1    0
  59   39    1    0    0    0    0    1    0    0
  75   35    1    1    1    0    1    0    1    0
  78   45    1    1    0    0    0    0    0    0
  83   11    1    0    0    0    0    0    0    0
  83   75    1    1    1    0    1    1    1    0
  59   40    1    0    0    0    0    1    1    0
  75   41    1    0    1    0    0    0    0    0
  78   46    1    1    1    0    1    1    1    0
  83   12    1    1    1    0    0    0    0    0
  83   76    1    1    1    0    1    1    1    0
  59   42    1    0    0    0    0    0    0    0
  75   43    1    0    0    0    0    0    0    0
  78   47    1    1    1    0    0    0    0    0
  83   15    1    1    1    0    1    1    1    0
  83   82    1    1    1    0    1    1    0    0
  59   48    1    1    0    0    0    0    0    0
  75   44    1    0    0    0    0    0    0    0
  78   53    1    1    0    0    0    0    0    0
  83   18    1    1    0    0    0    0    0    0
  83   84    1    0    1    0    1    0    0    0
  59   52    1    0    0    0    0    0    0    0
  75   51    1    1    1    0    1    0    1    0
  78   64    1    1    0    0    0    0    0    0
  83   19    1    1    0    0    0    0    0    0
  83   92    1    1    0    0    0    0    0    0
  59   55    1    0    0    0    1    1    1    0
  75   56    1    1    1    0    1    1    1    0
  78   69    1    1    1    0    0    0    0    0
  83   23    1    1    1    1    1    1    1    0
  83   95    1    1    1    0    1    1    1    0
  59   56    1    0    0    0    0    0    0    0
  75   57    1    1    1    0    0    0    0    0
  78   71    1    1    0    0    0    0    0    0
  83   27    1    0    0    0    0    0    0    0
  83   96    1    1    0    0    0    0    0    0
  59   57    1    0    0    0    0    0    0    0
  75   58    1    1    1    0    1    1    1    0
  78   72    1    1    1    0    0    0    0    0
  83   29    1    1    1    0    1    1    1    0
  83   97    1    0    1    0    0    0    0    0
  59   60    1    0    0    0    1    1    1    0
  75   63    1    0    0    0    0    0    0    0
  78   76    1    0    0    0    0    0    0    0
  83   31    1    1    1    0    1    1    1    0
  83  100    1    1    0    0    1    0    0    0
  59   64    1    1    0    0    0    0    0    0
  75   68    1    1    1    0    0    0    0    0
  78   79    1    1    0    0    0    0    0    0
  83   32    1    1    0    0    0    0    0    0
  83  101    1    1    1    0    1    1    1    0
  59   76    1    0    0    0    0    0    0    0
  75   71    1    0    1    0    1    0    1    0
  78   84    1    1    1    0    1    1    1    0
  83   33    1    1    1    0    1    1    1    0
  83  102    1    1    0    0    0    0    0    0
  59   80    1    0    0    0    1    1    1    1
  75   76    1    1    0    0    1    0    0    0
  78   85    1    0    0    0    0    0    0    0
  83   34    1    1    1    0    0    0    0    0
  83  103    1    1    1    0    1    1    1    0
  59   82    1    1    0    0    0    0    0    0
  75   82    1    0    0    0    0    0    0    0
  78   88    1    1    1    1    1    1    1    1
  83   35    1    1    1    1    1    1    1    1
  83  105    1    0    0    0    0    0    0    0
  59   85    1    1    0    0    0    0    0    0
  75   83    1    1    1    0    1    0    1    0
  78   89    1    1    0    0    1    1    0    0
  83   36    1    1    0    0    1    0    0    0
  84    4    0    1    1    0    0    0    0    0
  59   91    1    0    0    0    1    1    1    1
  75   95    1    1    1    1    1    0    1    0
  78   90    1    1    1    0    1    1    1    0
  83   41    1    1    0    0    0    0    0    0
  84   11    1    0    0    0    0    0    0    0
  59   98    1    0    0    0    1    1    1    0
  75  100    1    0    1    0    0    0    0    0
  78   96    1    1    1    1    1    1    1    1
  83   43    1    1    1    0    1    1    1    0
  84   12    0    1    1    0    0    1    1    0
  59  104    1    1    1    0    0    0    0    0
  75  101    1    0    1    0    0    0    0    0
  78   97    1    1    1    0    1    1    1    0
  83   44    1    1    1    0    1    1    1    0
  84   19    0    1    1    0    0    1    1    0
  75    2    1    1    1    0    1    1    1    0
  75  102    1    0    1    0    0    0    0    0
  78  104    1    0    0    0    0    0    0    0
  83   51    1    1    1    0    1    1    1    0
  84   23    0    0    0    0    1    1    1    0
  75    5    1    0    1    0    0    0    0    0
  75  103    1    1    1    0    1    0    1    0
  83    1    1    0    0    0    0    0    0    0
  83   56    1    1    1    1    1    1    1    0
  84   28    0    1    1    0    1    1    1    0
  84   36    0    1    0    0    0    0    0    0
  84   38    0    1    1    0    1    1    1    0
  84   45    0    1    1    0    1    1    1    0
  84   46    0    1    1    0    1    1    1    0
  84   47    0    1    1    0    1    1    1    0
  84   53    0    1    0    0    0    0    0    0
  84   64    0    1    1    0    1    1    1    0
  84   69    0    1    1    0    0    0    0    0
  84   71    1    0    0    0    0    0    0    0
  84   72    0    1    1    0    1    1    1    0
  84   73    1    0    0    0    0    0    0    0
  84   76    1    0    0    0    0    0    0    0
  84   78    0    1    0    0    1    0    0    0
  84   79    0    1    1    0    1    1    1    0
  84   83    1    0    0    0    0    0    0    0
  84   85    1    0    0    0    0    0    0    0
  84   88    0    1    1    0    1    1    1    0
  84   89    0    1    1    0    1    1    1    0
  84   90    0    1    1    0    1    1    1    0
  84   96    0    1    1    0    1    1    1    0
  84   97    0    1    1    0    1    1    1    0
  84  104    0    1    1    0    1    1    1    0
  84  105    1    0    0    0    0    0    0    0
  29    2    1    1    1    1    1    1    1    0
  29   82    1    1    1    1    1    1    0    0
  32   70    1    1    0    0    1    1    0    0
  33   56    1    0    0    0    1    1    0    0
  63   25    1    0    0    0    0    0    0    0
  29    8    1    0    0    0    0    0    0    0
  29   83    1    1    1    0    1    1    1    0
  32   72    1    0    0    0    0    0    0    0
  33   57    1    0    0    0    1    1    1    0
  63   29    1    0    0    0    0    0    1    0
  29   12    1    0    0    0    0    0    0    0
  29   92    1    0    0    0    0    0    0    0
  32   73    1    0    0    0    0    0    0    0
  33   58    1    0    0    0    1    1    0    0
  63   31    1    0    0    0    0    0    1    0
  29   15    1    1    1    0    1    1    1    0
  29   96    1    0    0    0    0    0    0    0
  32   94    1    0    0    0    0    0    0    0
  33   63    1    1    1    0    0    0    0    0
  63   33    1    0    0    0    0    1    0    0
  29   23    1    1    1    0    0    0    0    0
  29  100    1    1    1    0    1    1    1    0
  32   99    1    1    1    1    1    0    1    1
  33   68    1    1    1    0    0    0    0    0
  63   34    1    0    0    0    0    0    0    0
  29   25    1    0    0    0    0    0    0    0
  29  101    1    1    1    0    0    0    0    0
  32  105    1    1    1    0    0    0    0    0
  33   69    1    1    0    0    0    0    0    0
  63   35    1    0    0    0    1    0    0    0
  29   31    1    1    1    0    0    0    0    0
  29  102    1    1    1    0    0    0    0    0
  33    1    1    1    0    0    0    0    0    0
  33   71    1    0    0    0    1    1    1    0
  63   36    1    0    0    0    0    0    0    1
  29   33    1    0    0    0    0    0    0    0
  29  103    1    1    1    0    1    1    1    0
  33    2    1    0    0    0    1    0    1    0
  33   74    1    1    1    0    0    0    0    0
  63   37    1    0    0    0    0    0    0    0
  29   35    1    1    1    0    0    0    0    0
  29  105    1    0    0    0    0    0    0    0
  33    5    1    0    0    0    0    0    0    0
  33   76    1    1    1    0    0    0    0    0
  63   43    1    0    0    0    0    0    1    0
  29   36    1    1    1    0    1    1    1    0
  32    5    1    1    1    1    1    0    1    1
  33    8    1    1    1    1    0    0    0    0
  33   82    1    0    0    0    1    1    1    0
  63   44    1    0    0    0    0    0    1    0
  29   41    1    1    1    0    0    0    0    0
  32    6    1    1    1    1    1    1    1    1
  33   11    1    1    0    0    0    0    0    0
  33   95    1    1    0    0    0    0    0    0
  63   56    1    0    0    0    0    1    0    0
  29   43    1    1    1    0    0    0    0    0
  32    8    1    1    1    1    1    0    0    0
  33   12    1    1    1    0    0    0    0    0
  33  100    1    1    0    0    0    0    0    0
  63   57    1    0    0    0    0    0    1    0
  29   44    1    1    1    0    0    0    0    0
  32   11    1    1    0    0    1    1    0    0
  33   15    1    1    0    0    0    0    0    0
  33  101    1    1    1    0    0    0    0    0
  63   58    1    0    0    0    0    1    0    0
  29   51    1    1    1    0    0    0    0    0
  32   13    1    1    1    0    0    0    0    0
  33   18    1    1    1    0    0    0    0    0
  33  102    1    1    0    0    0    0    0    0
  63   68    1    0    0    0    0    1    0    0
  29   56    1    1    1    1    1    1    1    0
  32   16    1    0    1    0    1    0    1    0
  33   23    1    1    0    0    0    0    0    0
  33  103    1    1    1    0    0    0    0    0
  63   69    1    0    0    0    0    0    0    0
  29   57    1    1    1    1    1    1    1    1
  32   18    1    1    0    0    0    0    0    0
  33   29    1    1    1    0    1    1    0    0
  33  105    1    1    1    0    0    0    0    0
  63   71    1    0    0    0    0    1    0    0
  29   58    1    1    1    0    1    1    1    0
  32   24    1    0    1    0    0    0    0    0
  33   31    1    1    0    0    0    0    0    0
  63    1    0    0    0    0    0    1    0    0
  63   73    1    0    0    0    0    0    0    0
  29   59    1    0    0    0    0    0    0    0
  32   26    1    1    1    0    1    0    1    0
  33   32    1    0    0    0    1    1    0    0
  63    2    1    0    0    0    0    0    0    0
  63   74    1    0    0    0    0    0    0    0
  29   63    1    1    1    0    0    0    0    0
  32   41    1    0    1    0    0    0    0    0
  33   35    1    1    0    0    0    0    0    0
  63    5    1    0    0    0    0    0    0    0
  63   75    1    0    0    0    0    0    0    0
  29   68    1    1    1    0    0    0    0    0
  32   43    1    1    1    0    1    1    1    0
  33   36    1    1    1    0    0    0    0    0
  63    8    1    0    0    0    0    0    0    0
  63   76    1    0    0    0    1    0    0    0
  29   71    1    1    1    0    1    1    1    0
  32   44    1    1    1    0    1    1    0    0
  33   41    1    1    1    0    0    0    0    0
  63   10    1    0    0    0    0    0    1    0
  63   80    1    0    0    0    0    0    0    0
  29   75    1    1    1    0    0    0    0    0
  32   49    1    1    1    0    1    1    0    0
  33   43    1    0    0    0    1    1    1    0
  63   12    1    0    0    0    0    0    0    0
  63   81    1    0    0    0    0    0    0    0
  29   76    1    1    1    0    0    0    0    0
  32   50    1    0    1    0    1    0    1    0
  33   44    1    1    1    0    0    0    0    0
  63   15    1    0    0    0    0    0    1    0
  63   82    1    0    0    0    0    0    1    0
  29   80    1    0    0    0    0    0    0    0
  32   61    1    1    1    0    0    0    0    0
  33   47    1    1    0    0    0    0    0    0
  63   23    1    0    0    0    0    0    1    0
  63   83    1    0    0    0    0    0    1    0
  63   92    1    0    0    0    0    0    1    0
  64   84    1    1    0    0    1    0    0    0
  67   27    1    1    0    0    0    0    0    0
  70   49    1    1    1    0    1    1    1    0
  73    6    1    1    1    0    1    1    1    0
  63   95    1    0    0    0    1    0    0    0
  64   85    1    1    1    1    1    1    1    1
  67   29    1    1    0    0    0    0    0    0
  70   50    1    0    0    0    1    1    1    0
  73    8    1    1    1    0    1    1    1    0
  63  100    1    0    0    0    1    0    0    0
  64   88    1    1    0    0    1    1    0    0
  67   56    1    1    0    0    0    0    0    0
  70   61    1    0    0    0    0    0    0    0
  73   11    1    1    0    0    1    1    0    0
  63  101    1    0    0    0    1    0    0    0
  64   89    1    1    1    0    1    1    0    0

  67   57    1    1    0    0    0    0    0    0
  70   73    1    0    0    0    0    0    0    0
  73   13    1    1    1    1    1    1    0    0
  63  102    1    0    0    0    0    1    0    0
  64   90    1    1    0    0    1    0    0    0
  67   62    1    1    1    0    1    0    1    0
  70   77    1    0    0    0    0    0    0    0
  73   15    1    0    1    0    0    0    0    0
  63  103    1    0    0    0    0    0    1    0
  64   96    1    1    1    0    1    1    0    0
  67   71    1    1    0    0    1    0    0    0
  70   94    1    1    1    0    1    1    1    0
  73   16    1    1    0    0    0    0    0    0
  63  105    1    0    0    0    1    0    0    0
  64   97    1    1    1    0    1    1    1    0
  67   74    1    1    0    0    1    0    1    1
  70   99    1    1    1    1    1    1    1    0
  73   18    1    1    1    0    1    1    0    0
  64    4    1    1    1    0    1    1    1    0
  64  104    1    0    0    0    1    0    0    0
  67   76    1    1    0    0    0    0    0    0
  70  105    1    0    0    0    1    0    0    0
  73   21    1    1    0    0    0    0    0    0
  64    9    1    0    0    0    0    0    0    0
  66    3    1    1    1    0    1    1    1    0
  67   82    1    1    0    0    1    0    0    0
  72    4    1    0    0    0    0    0    0    0
  73   26    1    1    1    0    1    1    1    0
  64   12    1    1    1    0    1    1    0    0
  66    7    1    1    0    0    1    0    1    0
  67   86    1    1    1    0    0    0    0    0
  72   12    1    1    1    1    1    1    1    0
  73   29    1    1    0    0    0    0    0    0
  64   19    1    1    1    0    1    1    1    0
  66   10    1    0    0    0    0    0    0    0
  67   92    1    1    1    0    1    1    1    1
  72   19    1    1    1    1    1    1    1    1
  73   32    1    1    1    0    1    1    1    0
  64   28    1    1    1    0    1    0    0    0
  66   15    1    0    0    0    0    1    0    0
  67  103    1    1    0    0    0    0    0    0
  72   45    1    1    1    1    1    0    0    0
  73   36    1    1    0    0    0    0    0    0
  64   34    1    0    0    0    1    0    0    0
  66   20    1    1    1    1    1    1    1    1
  70    5    1    0    0    0    0    0    0    0
  72   46    1    1    1    1    1    0    0    0
  73   40    1    0    1    0    0    0    0    0
  64   38    1    0    0    0    1    0    0    0
  66   25    1    1    0    0    1    0    1    0
  70    6    1    0    0    0    0    0    0    0
  72   47    1    1    0    0    0    0    0    0
  73   43    1    1    0    0    0    0    0    0
  64   42    1    0    0    0    1    0    0    0
  66   30    1    0    0    0    1    0    1    0
  70    8    1    0    0    0    0    0    0    0
  72   69    1    1    1    0    0    0    0    0
  73   48    1    1    0    0    0    0    0    0
  64   45    1    1    1    0    1    1    0    0
  66   37    1    0    0    0    1    1    1    0
  70    9    1    0    1    0    0    0    0    0
  72   78    1    1    0    0    0    0    0    0
  73   49    1    1    0    0    0    0    0    0
  64   46    1    1    1    0    1    1    1    0
  66   40    1    0    0    0    1    0    1    0
  70   11    1    1    1    0    1    1    1    0
  72   79    1    1    1    1    1    1    1    1
  73   50    1    1    1    0    1    1    1    0
  64   47    1    1    1    0    0    0    0    0
  66   48    1    0    0    0    0    0    0    0
  70   13    1    1    1    0    1    0    1    1
  72   84    1    0    0    0    0    0    0    0
  73   57    1    1    0    0    0    0    0    0
  64   53    1    0    0    0    0    0    0    0
  66   52    1    0    0    0    0    0    0    0
  70   16    1    0    1    0    1    0    1    0
  72   88    1    1    1    0    1    0    0    0
  73   61    1    1    1    0    0    0    0    0
  64   59    1    1    0    0    0    0    0    0
  66   54    1    1    0    0    0    0    0    0
  70   18    1    0    1    0    1    1    0    0
  72   89    1    1    0    0    1    0    0    0
  73   70    1    1    0    0    0    0    0    0
  64   69    1    1    1    0    1    0    0    0
  66   65    1    1    1    0    1    1    1    0
  70   21    1    1    1    0    1    0    0    0
  72   90    1    1    1    1    1    1    0    0
  73   77    1    1    1    0    0    0    0    0
  64   72    1    1    0    0    1    0    0    0
  66   87    1    1    1    0    1    1    0    0
  70   26    1    0    0    0    1    0    1    0
  72   96    1    1    1    0    1    1    0    0
  73   92    1    0    1    0    0    0    0    0
  64   78    1    1    0    0    1    0    0    0
  66   93    1    1    1    0    1    0    1    0
  70   32    1    0    0    0    0    0    0    0
  72   97    1    1    1    1    1    1    1    1
  73   94    1    1    0    0    0    0    0    0
  64   79    1    1    1    0    1    0    0    0
  67    1    1    1    0    0    0    0    0    0
  70   34    1    0    0    0    0    0    0    0
  73    5    1    1    1    1    1    1    1    0
  73   99    1    1    1    0    1    1    1    0
  73  102    1    1    0    0    0    0    0    0
  88   78    1    1    1    0    0    1    0    0
  89   90    1    0    0    0    1    0    0    0
  96    5    1    1    1    0    0    0    0    0
  97    3    1    0    0    0    0    0    0    0
  73  105    1    1    1    0    0    0    0    0
  88   79    1    1    1    0    0    1    0    0
  89   96    1    1    1    0    1    1    1    0
  96   12    1    1    1    1    1    1    1    1
  97    9    1    0    1    0    0    0    1    0
  86    1    1    0    0    0    0    0    0    0
  88   84    1    1    0    0    0    1    0    0
  89   97    1    1    0    0    1    1    0    0
  96   19    1    1    1    0    1    1    1    0
  97   12    1    1    1    0    1    1    1    0
  86   14    1    1    0    0    0    0    0    0
  88   89    1    1    1    0    0    1    1    0
  94    5    1    1    0    0    0    0    0    0
  96   28    1    1    1    0    1    1    1    0
  97   19    1    1    1    0    1    1    1    0
  86   27    1    0    0    0    0    0    0    0
  88   94    1    0    0    0    0    0    0    0
  94    6    1    1    0    0    0    0    0    0
  96   29    1    1    1    0    0    0    0    0
  97   28    1    1    1    0    1    1    1    0
  86   62    1    1    1    0    1    0    1    0
  88   96    1    1    1    1    1    1    1    1
  94    8    1    1    0    0    0    0    0    0
  96   33    1    1    0    0    0    0    0    0
  97   38    1    1    1    0    1    1    1    0
  86   71    1    1    1    0    1    0    0    0
  88   97    1    1    0    0    0    0    0    0
  94    9    1    1    0    0    0    0    0    0
  96   38    1    1    1    0    1    1    1    0
  97   45    1    1    1    1    1    1    1    1
  86   74    1    1    1    0    0    0    0    0
  88  104    1    0    0    0    0    0    1    0
  94   11    1    1    1    1    0    0    0    0
  96   45    1    1    1    1    1    1    1    0
  97   46    1    1    1    0    1    1    1    0
  86   82    1    1    1    0    1    1    1    1
  89    4    1    1    1    0    1    0    0    0
  94   13    1    1    1    0    0    0    0    0
  96   46    1    1    1    0    1    1    1    0
  97   47    1    1    1    1    0    0    0    0
  86   92    1    1    1    0    1    0    1    0
  89   12    1    0    1    0    1    0    1    0
  94   16    1    1    0    0    0    0    0    0
  96   47    1    1    1    1    0    0    0    0
  97   53    1    1    1    0    1    1    1    0
  86  102    1    1    0    0    0    0    0    0
  89   19    1    1    1    1    1    1    1    1
  94   18    1    1    0    0    0    0    0    0
  96   53    1    1    1    0    1    0    0    0
  97   56    1    0    0    0    0    0    0    0
  88    4    1    1    0    0    0    0    0    0
  89   28    1    1    1    1    1    1    1    0
  94   21    1    1    1    0    0    0    0    0
  96   56    1    1    1    0    0    0    0    0
  97   57    1    1    0    0    0    0    0    0
  88   12    1    1    0    0    1    0    0    0
  89   38    1    1    1    0    1    0    0    0
  94   26    1    1    0    0    0    0    0    0
  96   64    1    1    1    0    1    1    1    0
  97   64    1    1    1    0    1    1    1    0
  88   19    1    1    1    0    1    1    1    0
  89   45    1    1    1    1    1    1    1    0
  94   32    1    1    0    0    0    0    0    0
  96   69    1    1    1    0    1    1    1    0
  97   69    1    1    1    1    1    1    1    0
  88   28    1    0    0    0    0    0    0    0
  89   46    1    1    1    0    1    1    0    0
  94   34    1    0    0    0    0    0    0    0
  96   72    1    1    1    0    1    1    1    0
  97   70    1    0    1    0    0    0    0    0
  88   45    1    1    1    0    1    0    0    0
  89   47    1    1    1    0    1    1    0    0
  94   49    1    1    1    0    0    0    0    0
  96   78    1    1    1    1    1    1    1    1
  97   78    1    1    1    0    1    1    1    0
  88   46    1    0    0    0    0    0    0    0
  89   53    1    0    0    0    0    0    0    0
  94   50    1    1    1    0    0    0    0    0
  96   79    1    1    1    0    1    1    1    0
  97   79    1    1    1    0    1    1    1    0
  88   47    1    1    1    0    0    0    0    0
  89   64    1    0    1    0    1    0    0    0
  94   57    1    0    0    0    0    0    0    0
  96   84    1    1    1    0    1    1    1    0
  97   84    1    1    1    0    1    1    1    0
  88   53    1    1    0    0    0    0    0    0
  89   69    1    1    1    0    1    0    0    0
  94   61    1    1    1    0    0    0    0    0
  96   88    1    1    1    1    1    1    1    1
  97   88    1    1    1    0    1    1    1    0
  88   57    1    0    0    0    1    0    0    0
  89   72    1    1    1    0    1    1    1    0
  94   70    1    1    1    0    0    0    0    0
  96   89    1    1    1    0    1    1    1    0
  97   89    1    1    1    0    1    1    1    0
  88   64    1    0    0    0    1    0    0    0
  89   78    1    1    0    0    1    0    0    0
  94   73    1    0    0    0    0    0    0    0
  96   90    1    1    1    0    1    1    1    0
  97   90    1    1    1    0    1    1    1    0
  88   69    1    1    0    0    0    0    0    0
  89   79    1    1    1    0    1    1    1    0
  94   77    1    1    0    0    0    0    0    0
  96   97    1    1    1    0    1    1    1    0
  97  104    1    1    0    0    0    0    0    0
  88   72    1    0    0    0    1    0    0    0
  89   84    1    1    1    0    1    1    1    0
  94   99    1    1    1    0    0    0    0    0
  96  104    1    1    1    0    0    0    0    0
  99    5    0    1    0    0    1    0    0    0
  88   76    1    0    0    0    1    0    0    0
  89   88    1    1    1    0    1    1    1    0
  94  105    1    1    0    0    0    0    0    0
  96  105    1    1    1    0    0    0    0    0
  99    6    0    1    0    0    1    0    0    1
  99    7    1    0    0    0    0    0    0    0
 100    7    1    0    0    0    0    0    0    0
 100   93    1    0    1    0    1    0    1    0
 103   70    1    0    0    0    0    0    0    0
  79   78    1    0    0    0    1    0    0    0
  99    8    0    1    0    0    1    0    0    1
 100   15    1    1    1    1    1    0    1    1
 100   95    1    0    0    0    1    0    0    0
 103   71    1    0    0    0    0    0    0    0
  79   88    1    0    0    0    1    1    1    0
  99    9    0    1    0    0    1    0    0    0
 100   23    1    0    0    0    0    0    0    0
 100  101    1    0    0    0    0    0    0    0
 103   74    1    0    0    0    0    0    0    0
  79   89    1    1    1    0    1    1    1    0
  99   11    0    1    0    0    1    0    0    1
 100   25    1    0    0    0    0    0    0    0
 100  102    1    1    1    0    1    0    1    0
 103   75    1    0    0    0    0    0    0    0
  79   90    1    1    1    0    1    1    1    0
  99   13    0    1    0    0    1    0    0    1
 100   29    1    1    1    0    1    0    0    0
 100  103    1    0    0    0    0    0    0    0
 103   76    1    1    1    1    0    0    0    0
  79   96    1    1    1    0    1    1    1    0
  99   16    0    0    0    0    1    0    0    0
 100   31    1    1    0    0    0    0    0    0
 103    2    1    0    0    0    0    0    0    0
 103   82    1    0    0    0    0    0    0    0
  79   97    1    1    1    0    1    1    1    0
  99   18    0    0    0    0    1    0    0    0
 100   33    1    0    1    0    0    0    0    0
 103    9    1    1    1    1    0    0    0    0
 103   83    1    0    0    0    0    0    0    0
  82    1    1    1    1    0    0    0    0    0
  99   21    0    1    0    0    1    0    1    0
 100   35    1    0    1    0    1    0    0    0
 103   11    1    0    0    0    0    0    0    0
 103   94    1    0    0    0    0    0    0    0
  82    2    1    1    1    0    1    1    1    0
  99   26    0    1    0    0    1    0    1    1
 100   36    1    1    1    0    1    1    1    0
 103   13    1    0    0    0    0    0    0    0
 103   95    1    0    0    0    0    0    0    0
  82    8    1    0    0    0    0    0    0    0
  99   32    0    1    0    0    1    0    1    1
 100   44    1    0    0    0    0    0    0    0
 103   15    1    0    0    0    0    0    0    0
 103  101    1    0    0    0    0    0    0    0
  82    9    0    1    0    0    0    0    0    0
  99   34    0    1    0    0    0    0    0    0
 100   46    1    1    0    0    0    0    0    0
 103   23    1    1    1    1    0    0    0    0
 103  102    1    0    0    0    0    0    0    0
  82   10    1    0    0    0    0    0    0    0
  99   39    0    1    0    0    0    0    0    0
 100   51    1    0    1    0    0    0    0    0
 103   29    1    0    0    0    0    0    0    0
 103  105    1    0    0    0    0    0    0    0
  82   11    1    0    0    0    0    0    0    0
  99   44    0    1    0    0    0    0    0    0
 100   54    1    1    0    0    0    0    0    0
 103   33    1    0    0    0    0    0    0    0
  79   12    1    1    1    1    1    1    1    0
  82   12    1    0    0    0    0    0    0    0
  99   49    0    1    0    0    1    0    1    0
 100   56    1    1    0    0    1    0    0    0
 103   35    1    0    0    0    0    0    0    0
  79   19    1    1    1    1    1    1    1    1
  82   15    1    1    1    0    0    1    1    0
  99   56    0    1    0    0    0    0    0    0
 100   57    1    1    1    0    1    1    1    0
 103   36    1    0    0    0    0    0    0    0
  79   28    1    0    1    0    0    0    0    0
  82   23    1    1    1    0    0    0    0    0
  99   57    0    1    0    0    0    0    0    0
 100   58    1    0    1    0    1    0    1    0
 103   42    1    0    0    0    0    0    0    0
  79   34    1    0    1    0    0    0    0    0
  82   27    0    1    0    0    0    0    0    0
  99   61    0    1    0    0    1    0    1    0
 100   63    1    1    0    0    0    0    0    0
 103   43    1    0    0    0    0    0    0    0
  79   45    1    1    0    0    1    0    0    0
  82   29    1    1    1    1    1    1    1    0
  99   70    0    1    0    0    1    0    1    0
 100   68    1    1    1    0    1    1    1    0
 103   44    1    0    0    0    0    0    0    0
  79   46    1    1    0    0    1    0    0    0
  82   31    1    1    0    0    0    0    0    0
  99   73    0    1    0    0    0    0    0    0
 100   71    1    0    0    0    0    0    0    0
 103   53    1    0    0    0    0    0    0    0
  79   53    1    0    1    0    0    0    0    0
  82   32    1    0    0    0    0    0    0    0
  99   76    0    1    0    0    0    0    0    0
 100   75    1    1    1    0    1    0    1    0
 103   56    1    0    0    0    0    0    0    0
  79   64    1    0    1    0    1    1    0    0
  82   33    1    1    1    1    1    1    1    1
  99   77    0    1    0    0    0    0    0    0
 100   76    1    1    0    0    0    0    0    0
 103   57    1    1    1    1    0    0    0    0
  79   69    1    0    1    0    0    0    0    0
  82   34    1    0    0    0    0    0    0    0
  99   94    0    1    0    0    1    0    1    0
 100   82    1    1    1    0    1    0    0    0
 103   63    1    0    0    0    0    0    0    0
  79   72    1    1    1    1    1    1    1    1
  82   35    0    1    1    0    1    1    1    0
  99  105    0    1    0    0    1    0    1    0
 100   83    1    0    0    0    1    0    0    0
 103   68    1    0    0    0    0    0    0    0
  79   73    1    1    0    0    0    0    0    0
  82   36    1    1    1    0    1    1    0    0
 100    2    1    0    1    0    1    0    0    0
 100   92    1    1    0    0    0    0    0    0
 103   69    1    0    0    0    0    0    0    0
  79   77    1    1    0    0    0    0    0    0
  82   41    1    0    0    0    0    0    0    0
  82   43    1    1    1    0    1    1    1    0
  82   44    1    1    1    0    1    1    0    0
  82   47    1    0    0    0    0    0    0    0
  82   56    1    1    1    0    1    1    1    0
  82   57    1    1    1    0    1    1    1    0
  82   62    1    1    0    0    1    1    0    0
  82   63    1    1    0    0    1    1    0    0
  82   68    1    1    1    0    1    1    0    0
  82   69    1    0    0    0    0    0    0    0
  82   71    1    1    1    0    1    1    1    0
  82   74    1    1    1    0    1    1    1    0
  82   75    1    1    0    0    1    0    0    0
  82   76    1    1    0    0    1    0    0    0
  82   83    1    0    0    0    0    0    0    0
  82   86    1    1    1    1    1    1    1    1
  82   92    1    1    1    1    1    1    1    1
  82   95    1    1    0    0    0    0    0    0
  82  101    1    1    1    0    1    1    1    0
  82  102    1    1    1    0    1    1    0    0
  82  103    1    1    1    0    1    1    0    0
  82  105    1    1    0    0    1    1    0    0
  80    7    1    1    0    0    0    0    0    0
  80   11    1    1    0    0    0    0    0    0
  80   14    1    1    1    1    1    1    1    1
  80   17    1    1    1    1    1    1    1    1
  80   22    1    1    1    1    1    1    0    0
  80   25    1    1    1    0    0    0    0    0
  80   29    1    1    0    0    0    0    0    0
  80   30    1    1    1    1    1    1    1    1
  80   40    1    1    1    0    1    1    1    0
  80   55    1    1    1    1    1    1    1    1
  80   57    1    1    0    0    0    0    0    0
  80   59    1    1    1    0    1    1    1    0
  80   60    1    1    1    1    1    1    1    1
  80   81    1    1    0    0    0    0    0    0
  80   91    1    1    1    0    1    1    0    0
  80   98    1    1    1    0    1    1    1    0
